SURYA
11 
60 
20 
30 
25 
12 
20 
4 
1732 
96 
16 
42 
210 
42 
221 
0 
220 
0 
206 
0 
0 
0 
0 
0 
0 
0 
0 
51 
64 
0 
0 
0 
0 
0 
54 
0 
0 
0 
0 
0 
0 
0 
0 
2 
0 
1 
0 
0 
0 
0 
0 
0 
17 
46 
144 
0 
1 
0 
0 
1 
1 
1 
1 
1 
1 
1 
0 
0 
0 
0 
0 
0 
4 
0 
4 
1 
-1 
0 
0 
1 
0 
0 
0 
0 
0 
0 
2 
1 
18 
1 
0 
1 
2 
1 
0 
1 
0 
1 
0 
4 
0 
0 
0 
0 
4 
1 
4 
0 
8 
0 
0 
0 
0 
0 
0 
1 
0 
4 
2 
2 
1 
0 
3 
0 
1 
0 
0 
1 
21 
0 
0 
0 
0 
0 
1 
0 
1 
3 
0 
1 
1 
0 
1 
1 
1 
0 
0 
0 
0 
0 
0 
0 
0 
0 
0 
0 
0 
0 
0 
0 
0 
0 
0 
0 
1 
0 
0 
0 
1 
1 
0 
1 
0 
0 
0 
0 
0 
0 
0 
0 
1 
1 
0 
0 
1 
0 
0 
0 
0 
0 
0 
0 
0 
0 
0 
0 
0 
0 
0 
0 
0 
0 
0 
0 
0 
0 
0 
0 
0 
0 
0 
0 
0 
0 
0 
0 
0 
0 
0 
0 
0 
0 
0 
0 
0 
0 
0 
0 
0 
205 
16 
2 
2 
10 
4 
0 
0 
0 
0 
0 
0 
0 
0 
0 
0 
0 
0 
0 
0 
0 
0 
0 
0 
0 
0 
0 
0 
0 
0 
0 
0 
0 
0 
0 
0 
0 
0 
0 
0 
0 
0 
0 
0 
0 
0 
0 
0 
0 
0 
1 
0 
0 
0 
1 
0 
0 
0 
0 
0 
1 
0 
0 
0 
0 
2 
0 
2 
0 
0 
1 
0 
0 
0 
0 
2 
1 
0 
0 
0 
2 
0 
0 
1 
0 
0 
0 
0 
0 
1 
0 
0 
0 
0 
0 
0 
0 
0 
0 
0 
0 
0 
0 
0 
0 
0 
0 
0 
0 
0 
0 
0 
0 
0 
0 
0 
0 
0 
0 
0 
0 
0 
0 
0 
0 
0 
0 
0 
0 
0 
0 
0 
0 
0 
0 
0 
0 
0 
0 
0 
0 
0 
0 
0 
0 
0 
0 
0 
0 
0 
0 
1500 
1 
0 
2 
0 
1 
6 
13 
0 
0 
0 
0 
0 
0 
0 
0 
0 
0 
26 
3 
1 
0 
1 
1 
1 
0 
0 
30 
1 
0 
0 
35 
5 
0 
2 
1 
0 
0 
0 
0 
1 
0 
0 
0 
4 
6 
0 
5 
1 
1 
0 
0 
0 
0 
0 
0 
0 
4 
1 
0 
0 
0 
2 
0 
1 
1 
1 
1 
0 
0 
0 
0 
0 
0 
1 
2 
0 
0 
0 
0 
1 
1 
0 
1 
1 
0 
0 
0 
0 
2 
0 
1 
0 
0 
1 
0 
0 
0 
0 
17 
0 
1 
1 
1 
1 
2 
0 
1 
3 
2 
1 
0 
0 
0 
0 
0 
0 
0 
0 
0 
0 
0 
0 
0 
0 
0 
0 
0 
0 
0 
0 
0 
0 
0 
0 
0 
0 
0 
0 
0 
0 
1 
0 
0 
0 
6 
0 
0 
0 
0 
0 
0 
0 
0 
0 
0 
0 
0 
0 
0 
0 
208 
1 
1 
1 
337 
319 
805027 